00000 45.43 21865.1 15 1
00000 44.40 37866.9 45 1
00000 44.54 37862.6 75 1
00000 43.39 37895.1 105 1
00000 42.67 37922.3 135 1
00000 43.51 37897.3 165 1
00000 44.20 37872.1 195 1
00000 43.77 37888.3 225 1
00000 44.09 37876.9 255 1
00000 45.65 21597.8 15 7
00000 42.30 50711.8 45 7
00000 43.03 79258.2 75 7
00000 53.53 108018.3 105 7
00000 51.40 139255.0 135 7
00000 67.85 149554.4 165 7
00000 52.32 149845.4 195 7
00000 66.06 149588.2 225 7
00000 57.32 149749.4 255 7
00000 44.74 21455.8 15 13
00000 49.34 50908.9 45 13
00000 45.94 79817.5 75 13
00000 47.27 109252.7 105 13
00000 62.34 138096.3 135 13
00000 72.15 166076.8 165 13
00000 133.46 181157.0 195 13
00000 183.48 181061.0 225 13
00000 127.40 181175.5 255 13
00000 45.52 21517.9 15 19
00000 41.65 50575.2 45 19
00000 42.68 80556.2 75 19
00000 45.78 109684.9 105 19
00000 56.96 136665.1 135 19
00000 64.94 166267.4 165 19
00000 122.02 178591.3 195 19
00000 133.83 178519.4 225 19
00000 235.21 178268.9 255 19
00000 40.92 21592.2 15 25
00000 49.69 50250.8 45 25
00000 51.78 81408.4 75 25
00000 50.57 110356.9 105 25
00000 76.55 138015.6 135 25
00000 149.80 166861.1 165 25
00000 135.59 172691.2 195 25
00000 168.61 172616.3 225 25
00000 144.30 172660.0 255 25
00000 42.40 21039.2 15 31
00000 42.05 50390.4 45 31
00000 46.99 81637.9 75 31
00000 44.19 108232.9 105 31
00000 62.53 136272.5 135 31
00000 81.33 166022.0 165 31
00000 139.64 167151.3 195 31
00000 148.89 167133.5 225 31
00000 139.47 167169.8 255 31
00000 40.48 24732.2 15 37
00000 48.96 50214.0 45 37
00000 44.46 81122.0 75 37
00000 64.04 108924.0 105 37
00000 70.41 137655.8 135 37
00000 183.06 165254.8 165 37
00000 163.23 161304.2 195 37
00000 144.19 161393.8 225 37
00000 152.18 161348.0 255 37
00000 42.40 28294.3 15 43
00000 42.25 50291.4 45 43
00000 44.08 80959.7 75 43
00000 87.50 108383.8 105 43
00000 56.44 137796.9 135 43
00000 154.20 164873.7 165 43
00000 215.22 156910.3 195 43
00000 155.00 157047.0 225 43
00000 157.50 157056.2 255 43
00000 43.11 31904.8 15 49
00000 48.89 50089.2 45 49
00000 52.73 80914.0 75 49
00000 46.07 109779.5 105 49
00000 86.38 137292.8 135 49
00000 118.66 162911.4 165 49
00000 173.51 154298.9 195 49
00000 188.31 154277.2 225 49
00000 171.66 154291.5 255 49
00000 48.01 35386.5 15 55
00000 50.33 50104.2 45 55
00000 53.19 81242.1 75 55
00000 59.14 109994.5 105 55
00000 64.78 137085.3 135 55
00000 74.12 162126.6 165 55
00000 195.44 152643.1 195 55
00000 85.56 153117.4 225 55
00000 164.22 152698.9 255 55
