00000 85.56 171481.9 15 56
00000 116.42 171029.1 45 56
00000 71.60 171658.5 75 56
00000 92.71 171453.4 105 56
00000 81.61 171437.1 135 56
00000 137.52 171189.1 165 56
00000 113.82 171001.3 195 56
00000 97.36 171405.4 225 56
00000 126.58 171222.0 255 56
00000 204.93 78285.1 15 56
00000 203.92 78056.0 45 56
00000 211.10 107091.6 75 56
00000 213.46 136696.0 105 56
00000 217.70 163374.0 135 56
00000 229.03 195268.1 165 56
00000 250.93 224019.4 195 56
00000 209.55 72813.3 15 56
00000 209.22 72570.0 45 56
00000 213.33 101946.2 75 56
00000 215.41 130435.8 105 56
00000 221.64 158857.5 135 56
00000 233.37 190630.6 165 56
00000 252.92 217834.8 195 56
00000 283.17 251786.0 225 56
00000 327.34 268728.0 255 56
